100000 01101 01000 0000000000101010
100001 01001 01010 0000000001000000
100010 01100 01011 0000000010000000 
100011 01111 01110 0000000100000000
100100 00001 00000 0000001000000000
100101 00011 00010 0000010000000000
100110 00101 00100 0000100000000000
101000 00111 00110 0000010000000000
101001 10001 10000 0000001000000000
101010 10011 10010 0000000100000000
101011 10101 10100 0000000010000000
101110 10111 10110 0000000001000000
110000 11001 11000 0000000000100000
111000 11011 11010 0000000000010000
001111 00000 11100 0000000000001000
001000 11110 11101 0000000000000100
001010 01000 11111 0000000000000010
001011 01000 01001 0000000000000001
001100 01000 01001 0000000000101010
001101 01000 01001 0000000000101010
001110 01000 01001 0000000000101010
000010 00000000000100001001000010
000011 00000000001010101111001101
00000000000000000000000000000000